00
00
00
00
00
00
00
00
00
00
00
00
00
00
00
00
00
00
00
00
00
00
00
00
00
00
00
00
00
00
00
00
00
00
00
00
00
00
00
00
06
dd
d0
00
8b
c0
f0
00
06
66
60
00
50
c6
00
00
50
c6
00
04
50
c6
00
08
90
6c
00
14
84
76
00
0f
84
86
00
f0
06
44
40
00
80
44
00
50
2b
67
40
00
69
6b
00
59
06
44
40
00
80
44
00
09
2b
68
40
00
69
6b
00
58
05
67
80
00
50
c6
00
00
90
6c
00
10
84
66
00
02
06
55
50
00
80
55
00
02
69
65
ff
ef
90
6c
00
14
84
76
00
0f
84
86
00
f0
06
44
40
00
80
44
00
90
2b
67
40
00
69
6b
00
4d
06
44
40
00
80
44
00
09
2b
68
40
00
69
6b
00
4c
05
67
80
00
00
66
60
00
00
66
60
00
00
66
60
00
00
66
60
00
00
66
60
00
00
66
60
00
00
66
60
00
00
66
60
00
90
7c
00
00
84
77
00
ff
05
66
70
00
50
c6
00
00
90
6c
00
10
84
66
00
04
06
55
50
00
80
55
00
02
69
65
ff
e4
90
6c
00
00
06
44
40
00
80
44
03
e8
50
c4
00
24
90
6c
00
00
65
60
00
09
90
5c
01
20
84
55
00
01
65
50
ff
fe
84
76
00
0f
65
70
00
18
81
66
00
01
50
c6
00
00
68
44
ff
f7
06
88
80
00
80
88
01
f4
50
c8
00
24
80
86
03
ff
06
55
50
00
80
55
00
01
06
66
60
00
50
c6
01
20
80
86
03
ff
50
c8
00
04
90
8c
01
20
84
88
00
01
65
80
ff
fa
06
66
60
00
50
c6
01
20
50
c8
00
04
90
8c
01
20
84
88
00
01
65
80
ff
fb
68
44
ff
f3
84
76
00
f0
65
70
00
04
81
66
00
10
80
66
00
09
68
44
ff
e6
84
76
0f
00
65
70
00
04
81
66
01
00
80
66
00
59
68
44
ff
e1
84
76
f0
00
81
66
10
00
80
66
09
59
68
44
ff
dd
06
77
70
00
80
77
00
50
68
44
ff
a6
06
88
80
00
80
88
00
09
68
44
ff
a7
06
77
70
00
80
77
00
90
68
44
ff
b2
06
88
80
00
80
88
00
09
68
44
ff
b3