v2.0 raw
40*0 6 dd d0 0 8b c0 f0
0 6 66 60 0 50 c6 0
0 50 c6 0 4 50 c6 0
8 90 6c 0 14 84 76 0
f 84 86 0 f0 6 44 40
0 80 44 0 50 2b 67 40
0 69 6b 0 59 6 44 40
0 80 44 0 9 2b 68 40
0 69 6b 0 58 5 67 80
0 50 c6 0 0 90 6c 0
10 84 66 0 2 6 55 50
0 80 55 0 2 69 65 ff
ef 90 6c 0 14 84 76 0
f 84 86 0 f0 6 44 40
0 80 44 0 90 2b 67 40
0 69 6b 0 4d 6 44 40
0 80 44 0 9 2b 68 40
0 69 6b 0 4c 5 67 80
0 0 66 60 0 0 66 60
0 0 66 60 0 0 66 60
0 0 66 60 0 0 66 60
0 0 66 60 0 0 66 60
0 90 7c 0 0 84 77 0
ff 5 66 70 0 50 c6 0
0 90 6c 0 10 84 66 0
4 6 55 50 0 80 55 0
2 69 65 ff e4 90 6c 0
0 6 44 40 0 80 44 3
e8 50 c4 0 24 90 6c 0
0 65 60 0 9 90 5c 1
20 84 55 0 1 65 50 ff
fe 84 76 0 f 65 70 0
18 81 66 0 1 50 c6 0
0 68 44 ff f7 6 88 80
0 80 88 1 f4 50 c8 0
24 80 86 3 ff 6 55 50
0 80 55 0 1 6 66 60
0 50 c6 1 20 80 86 3
ff 50 c8 0 4 90 8c 1
20 84 88 0 1 65 80 ff
fa 6 66 60 0 50 c6 1
20 50 c8 0 4 90 8c 1
20 84 88 0 1 65 80 ff
fb 68 44 ff f3 84 76 0
f0 65 70 0 4 81 66 0
10 80 66 0 9 68 44 ff
e6 84 76 f 0 65 70 0
4 81 66 1 0 80 66 0
59 68 44 ff e1 84 76 f0
0 81 66 10 0 80 66 9
59 68 44 ff dd 6 77 70
0 80 77 0 50 68 44 ff
a6 6 88 80 0 80 88 0
9 68 44 ff a7 6 77 70
0 80 77 0 90 68 44 ff
b2 6 88 80 0 80 88 0
9 68 44 ff b3
