v2.0 raw
64*0 6 dd d0 0 8b c0 f0
0 6 0 0 0 50 c0 0
0 50 c0 0 4 50 c0 0
8 90 6c 0 14 84 76 0
f 84 86 0 f0 80 40 0
50 6b 84 0 52 80 40 0
9 6b 74 0 53 5 67 80
0 50 c6 0 0 90 6c 0
10 84 66 0 2 80 50 0
2 69 65 ff f3 90 6c 0
14 84 76 0 f 84 86 0
f0 80 40 0 90 6b 84 0
4b 80 40 0 9 6b 74 0
4c 5 67 80 0 0 66 60
0 0 66 60 0 0 66 60
0 0 66 60 0 0 66 60
0 0 66 60 0 0 66 60
0 0 66 60 0 90 7c 0
0 84 77 0 ff 5 66 70
0 50 c6 0 0 90 7c 0
10 84 77 0 4 80 50 0
4 69 75 ff e8 80 20 3
e8 50 c2 0 24 90 1c 1
20 90 7c 0 10 84 77 0
4 80 50 0 4 61 75 0
19 61 10 ff fa 50 c0 1
20 84 76 0 f 61 70 0
1a 81 66 0 1 90 7c 0
10 84 77 0 4 80 50 0
4 61 75 0 10 50 c6 0
0 61 60 0 1 68 88 ff
ef 80 10 1 f4 50 c1 0
24 80 50 0 1 80 80 3
ff 50 c8 0 4 90 7c 1
20 61 70 ff fd 50 c0 1
20 50 c0 0 4 90 5c 1
20 61 50 ff fd 50 c0 1
20 68 44 ff f7 90 7c 0
10 84 77 0 4 80 50 0
4 69 75 ff fc 68 44 ff
dd 84 76 0 f0 65 70 0
3 81 66 0 10 80 66 0
9 68 44 ff e6 84 76 f
0 65 70 0 3 81 66 1
0 80 66 0 59 68 44 ff
e1 81 66 10 0 80 66 9
59 68 44 ff de 6 88 80
0 80 88 0 50 68 44 ff
ab 6 77 70 0 80 77 0
9 68 44 ff aa 6 88 80
0 80 88 0 90 68 44 ff
b2 6 77 70 0 80 77 0
9 68 44 ff b1
